[General]
type        = 'gaussian'
numVectors  = 0000000000000007
numFeatures = 0000000000000002
numClasses  = 0000000000000002
classNames  = [0000000000000001;0000000000000000]
classLoss   = 5.6000000000000001e-02

[Prediction_params]
scale          = 2.7799999999999998e+00
bias           = 7.8000000000000003e-01
mu             = [2.6386621749192107e-01,9.1926012738749896e-02]
sigma          = [8.1918642453609802e-02,5.7856791262622698e-01]
alpha          = [8.4807258407080466e-01,8.3188113808376696e-01,4.5466527520268374e-01,3.2496774331835621e-01,1.1076087268906765e-01,7.7095255756001735e-02,9.2454219547459460e-01]
supportLabels  = [0000000000000001;0000000000000000;0000000000000001;0000000000000001;0000000000000000;0000000000000001;0000000000000000]
supportVectors = [5.3051432994584147e-03,2.7259756934794988e-01;5.3644029893347644e-01,1.2274381019550085e-01;1.7381679864691968e-03,7.1617418909686437e-01;5.7091250162048446e-01,9.2090074852503523e-01;3.8728906189242696e-01,5.5436142111241371e-01;6.4949594324710080e-01,2.4102495727056061e-01;1.2015219965479229e-01,3.8052034313017014e-01]

