[General]
type        = 'gaussian'
numVectors  = 7
numFeatures = 2
numClasses  = 2
classNames  = [1;0]
classLoss   = 5.61e-02

[Prediction_params]
scale          = 2.7799999999999998e+00
bias           = 7.8000000000000003e-01
mu             = [9.5844871118935515e-01,3.4265911728033449e-01]
sigma          = [2.1730432978154102e-01,7.2990791353222995e-01]
alpha          = [9.2133821926602621e-01,8.2202513906785790e-01,1.6667967997191901e-01,8.2063664477873077e-01,6.7425012220721436e-01,2.3704264612361847e-01,2.8157445390265401e-01]
supportLabels  = [0000000000000001;0000000000000000;0000000000000001;0000000000000001;0000000000000000;0000000000000001;0000000000000000]
supportVectors = [7.9850158116870518e-01,9.2908860156464279e-01,7.5624722147331280e-01,8.4275293826982056e-01,6.7408393463232230e-01,8.0592888398704188e-01,4.1094465478982944e-01;9.5702947603676769e-01,1.4395803661897266e-01,6.0768372050225172e-01,3.4680557842858206e-01,8.9989854334153174e-01,4.0436321007053122e-01,8.4567261242766600e-01]

